2 1
4 1
5 1
7 1
8 1
9 1
11 1
15 1
18 1
20 1
21 1
23 1
30 1
31 1
32 1
35 1
36 1
37 1
40 1
41 1
42 1
43 1
46 1
49 1
51 1
53 1
55 1
56 1
58 1
60 1
62 2
64 2
66 2
67 2
69 2
72 2
73 2
74 2
75 2
77 2
78 2
80 2
81 2
84 2
86 2
89 2
96 2
97 2
99 2
102 2
104 2
105 2
109 2
110 2
111 2
113 2
115 2
116 2
117 2
120 2
121 3
122 3
123 3
124 3
125 3
127 3
128 3
131 3
136 3
137 3
138 3
140 3
141 3
142 3
143 3
145 3
148 3
151 3
152 3
153 3
158 3
159 3
160 3
164 3
166 3
168 3
172 3
174 3
176 3
177 3
181 4
182 4
184 4
187 4
188 4
189 4
194 4
195 4
196 4
197 4
202 4
203 4
204 4
206 4
209 4
213 4
215 4
216 4
218 4
220 4
221 4
222 4
224 4
225 4
227 4
228 4
230 4
232 4
235 4
238 4
241 5
242 5
243 5
245 5
247 5
248 5
249 5
250 5
253 5
254 5
256 5
257 5
258 5
261 5
262 5
263 5
264 5
266 5
267 5
268 5
269 5
270 5
272 5
273 5
274 5
275 5
276 5
278 5
280 5
281 5
283 6
284 6
285 6
287 6
288 6
289 6
290 6
291 6
293 6
294 6
295 6
296 6
297 6
299 6
301 6
302 6
303 6
305 6
306 6
307 6
310 6
313 6
316 6
317 6
318 6
319 6
320 6
321 6
322 6
323 6
324 7
326 7
327 7
328 7
331 7
332 7
333 7
334 7
335 7
336 7
338 7
339 7
341 7
342 7
345 7
347 7
349 7
353 7
355 7
358 7
359 7
361 7
362 7
364 7
366 7
367 7
368 7
374 7
375 7
376 7
377 8
378 8
379 8
380 8
385 8
388 8
390 8
392 8
393 8
395 8
396 8
397 8
398 8
399 8
400 8
401 8
402 8
403 8
404 8
406 8
409 8
411 8
413 8
414 8
415 8
416 8
417 8
418 8
421 8
423 8
426 9
427 9
428 9
429 9
431 9
432 9
433 9
436 9
437 9
441 9
444 9
446 9
452 9
456 9
460 9
461 9
464 9
465 9
466 9
467 9
469 9
470 9
471 9
474 9
476 9
477 9
478 9
479 9
481 9
482 9
484 10
485 10
486 10
489 10
490 10
491 10
495 10
496 10
497 10
500 10
502 10
504 10
505 10
507 10
511 10
515 10
518 10
520 10
523 10
524 10
527 10
529 10
530 10
531 10
533 10
535 10
537 10
539 10
541 10
542 10
544 11
545 11
547 11
549 11
552 11
554 11
555 11
557 11
559 11
561 11
562 11
564 11
566 11
568 11
570 11
574 11
575 11
576 11
577 11
581 11
587 11
588 11
591 11
593 11
595 11
596 11
598 11
599 11
600 11
601 11
605 12
606 12
607 12
611 12
612 12
613 12
614 12
617 12
619 12
620 12
621 12
625 12
626 12
628 12
629 12
630 12
631 12
633 12
635 12
636 12
639 12
641 12
642 12
645 12
647 12
648 12
652 12
653 12
655 12
657 12
660 13
662 13
663 13
666 13
667 13
668 13
669 13
670 13
671 13
672 13
677 13
678 13
680 13
682 13
685 13
690 13
691 13
693 13
694 13
699 13
701 13
702 13
706 13
710 13
712 13
713 13
715 13
716 13
717 13
719 13
720 14
722 14
725 14
727 14
729 14
730 14
732 14
733 14
734 14
735 14
736 14
740 14
741 14
744 14
746 14
747 14
748 14
751 14
754 14
755 14
756 14
758 14
760 14
762 14
768 14
769 14
770 14
775 14
776 14
778 14
780 15
781 15
782 15
784 15
788 15
789 15
790 15
791 15
792 15
793 15
794 15
798 15
801 15
806 15
807 15
810 15
812 15
813 15
814 15
816 15
818 15
819 15
822 15
823 15
828 15
829 15
833 15
834 15
835 15
836 15
841 16
843 16
845 16
853 16
855 16
856 16
857 16
859 16
860 16
861 16
862 16
863 16
864 16
865 16
867 16
870 16
871 16
872 16
873 16
874 16
875 16
877 16
879 16
881 16
884 16
888 16
889 16
891 16
894 16
895 16
898 17
900 17
902 17
906 17
907 17
910 17
912 17
916 17
917 17
918 17
920 17
922 17
923 17
925 17
926 17
927 17
928 17
929 17
931 17
934 17
935 17
937 17
939 17
941 17
943 17
946 17
947 17
950 17
951 17
952 17
954 18
955 18
956 18
957 18
959 18
960 18
963 18
964 18
965 18
966 18
967 18
970 18
972 18
974 18
975 18
979 18
980 18
981 18
982 18
984 18
985 18
986 18
987 18
988 18
989 18
990 18
991 18
992 18
994 18
995 18
1000 19
1002 19
1004 19
1007 19
1008 19
1010 19
1015 19
1017 19
1019 19
1020 19
1022 19
1023 19
1024 19
1026 19
1027 19
1029 19
1032 19
1034 19
1037 19
1039 19
1040 19
1042 19
1045 19
1048 19
1049 19
1051 19
1052 19
1053 19
1055 19
1056 19
1058 20
1059 20
1060 20
1065 20
1067 20
1069 20
1073 20
1074 20
1078 20
1079 20
1080 20
1083 20
1085 20
1087 20
1088 20
1091 20
1093 20
1094 20
1098 20
1100 20
1101 20
1103 20
1106 20
1107 20
1110 20
1111 20
1112 20
1113 20
1114 20
1115 20
1120 21
1121 21
1122 21
1123 21
1124 21
1125 21
1126 21
1129 21
1130 21
1134 21
1135 21
1139 21
1140 21
1141 21
1145 21
1146 21
1147 21
1149 21
1151 21
1152 21
1155 21
1156 21
1157 21
1163 21
1165 21
1166 21
1167 21
1171 21
1173 21
1175 21
1181 22
1184 22
1185 22
1186 22
1187 22
1188 22
1189 22
1191 22
1194 22
1196 22
1197 22
1198 22
1201 22
1202 22
1203 22
1204 22
1205 22
1207 22
1208 22
1210 22
1213 22
1214 22
1219 22
1221 22
1222 22
1224 22
1227 22
1228 22
1229 22
1231 22
1232 23
1233 23
1236 23
1238 23
1239 23
1241 23
1242 23
1245 23
1246 23
1248 23
1250 23
1251 23
1252 23
1253 23
1256 23
1259 23
1260 23
1263 23
1270 23
1274 23
1276 23
1277 23
1278 23
1279 23
1280 23
1282 23
1286 23
1287 23
1288 23
1290 23
1291 24
1294 24
1296 24
1298 24
1299 24
1300 24
1302 24
1303 24
1307 24
1308 24
1309 24
1310 24
1311 24
1312 24
1314 24
1318 24
1320 24
1322 24
1324 24
1326 24
1327 24
1328 24
1329 24
1331 24
1332 24
1334 24
1336 24
1337 24
1338 24
1340 24
1343 25
1344 25
1346 25
1349 25
1353 25
1354 25
1355 25
1357 25
1358 25
1360 25
1361 25
1362 25
1363 25
1365 25
1366 25
1368 25
1369 25
1370 25
1374 25
1375 25
1377 25
1378 25
1380 25
1381 25
1383 25
1384 25
1389 25
1398 25
1401 25
1402 25
1403 26
1404 26
1405 26
1406 26
1407 26
1408 26
1414 26
1415 26
1417 26
1418 26
1420 26
1426 26
1428 26
1429 26
1436 26
1438 26
1439 26
1440 26
1441 26
1444 26
1445 26
1447 26
1452 26
1453 26
1455 26
1456 26
1458 26
1459 26
1460 26
1461 26
1464 27
1465 27
1466 27
1468 27
1469 27
1470 27
1472 27
1474 27
1475 27
1476 27
1484 27
1486 27
1488 27
1489 27
1491 27
1493 27
1499 27
1500 27
1501 27
1504 27
1505 27
1508 27
1509 27
1510 27
1511 27
1512 27
1514 27
1515 27
1516 27
1519 27
1523 28
1527 28
1528 28
1530 28
1532 28
1533 28
1535 28
1537 28
1540 28
1541 28
1543 28
1544 28
1547 28
1548 28
1549 28
1552 28
1554 28
1557 28
1562 28
1564 28
1565 28
1567 28
1569 28
1571 28
1572 28
1573 28
1574 28
1578 28
1579 28
1581 28
1582 29
1584 29
1585 29
1586 29
1587 29
1588 29
1589 29
1590 29
1591 29
1592 29
1595 29
1598 29
1599 29
1601 29
1603 29
1604 29
1608 29
1617 29
1619 29
1620 29
1621 29
1622 29
1623 29
1624 29
1632 29
1635 29
1637 29
1638 29
1639 29
1641 29
1642 30
1645 30
1647 30
1650 30
1653 30
1654 30
1657 30
1658 30
1663 30
1668 30
1669 30
1670 30
1671 30
1672 30
1674 30
1675 30
1676 30
1677 30
1680 30
1681 30
1684 30
1685 30
1686 30
1687 30
1688 30
1689 30
1690 30
1691 30
1699 30
1701 30
1703 31
1704 31
1706 31
1707 31
1709 31
1711 31
1714 31
1716 31
1717 31
1720 31
1721 31
1724 31
1726 31
1727 31
1731 31
1732 31
1734 31
1735 31
1740 31
1741 31
1742 31
1744 31
1747 31
1749 31
1751 31
1752 31
1754 31
1757 31
1758 31
1759 31
1762 32
1763 32
1764 32
1765 32
1766 32
1767 32
1769 32
1770 32
1772 32
1773 32
1774 32
1775 32
1778 32
1779 32
1781 32
1787 32
1789 32
1790 32
1792 32
1794 32
1795 32
1801 32
1802 32
1803 32
1806 32
1808 32
1809 32
1810 32
1812 32
1813 32
1815 33
1817 33
1818 33
1820 33
1821 33
1823 33
1824 33
1825 33
1827 33
1830 33
1831 33
1833 33
1834 33
1835 33
1837 33
1839 33
1841 33
1842 33
1849 33
1850 33
1852 33
1854 33
1855 33
1858 33
1860 33
1863 33
1864 33
1868 33
1870 33
1872 33
1875 34
1877 34
1878 34
1879 34
1880 34
1881 34
1883 34
1886 34
1889 34
1892 34
1895 34
1897 34
1898 34
1899 34
1903 34
1904 34
1905 34
1907 34
1911 34
1912 34
1914 34
1918 34
1920 34
1921 34
1922 34
1923 34
1928 34
1929 34
1930 34
1932 34
1933 35
1934 35
1936 35
1938 35
1941 35
1945 35
1949 35
1951 35
1952 35
1953 35
1954 35
1955 35
1957 35
1961 35
1963 35
1970 35
1971 35
1972 35
1973 35
1974 35
1975 35
1977 35
1978 35
1979 35
1981 35
1982 35
1988 35
1990 35
1991 35
1992 35
1994 36
1998 36
2001 36
2002 36
2003 36
2007 36
2009 36
2011 36
2012 36
2013 36
2017 36
2018 36
2019 36
2022 36
2023 36
2025 36
2026 36
2028 36
2033 36
2034 36
2036 36
2038 36
2041 36
2042 36
2044 36
2045 36
2046 36
2047 36
2050 36
2052 36
2053 37
2054 37
2055 37
2056 37
2058 37
2061 37
2065 37
2066 37
2068 37
2069 37
2071 37
2078 37
2079 37
2080 37
2082 37
2083 37
2085 37
2087 37
2088 37
2089 37
2090 37
2094 37
2095 37
2097 37
2099 37
2102 37
2103 37
2105 37
2106 37
2110 37
2113 38
2114 38
2115 38
2116 38
2117 38
2118 38
2121 38
2122 38
2124 38
2125 38
2130 38
2133 38
2136 38
2137 38
2138 38
2140 38
2144 38
2147 38
2149 38
2151 38
2152 38
2154 38
2155 38
2157 38
2159 38
2161 38
2165 38
2166 38
2167 38
2169 38
2172 39
2173 39
2174 39
2175 39
2176 39
2177 39
2178 39
2181 39
2182 39
2185 39
2187 39
2191 39
2192 39
2196 39
2197 39
2198 39
2199 39
2202 39
2205 39
2208 39
2210 39
2214 39
2215 39
2217 39
2220 39
2221 39
2224 39
2225 39
2227 39
2228 39
2232 40
2233 40
2235 40
2237 40
2238 40
2240 40
2241 40
2243 40
2245 40
2246 40
2247 40
2248 40
2251 40
2253 40
2254 40
2255 40
2259 40
2261 40
2262 40
2263 40
2266 40
2267 40
2270 40
2271 40
2272 40
2275 40
2277 40
2279 40
2286 40
2289 40
2291 41
2296 41
2299 41
2301 41
2304 41
2309 41
2311 41
2313 41
2314 41
2317 41
2320 41
2323 41
2324 41
2325 41
2326 41
2332 41
2333 41
2334 41
2335 41
2337 41
2339 41
2340 41
2342 41
2343 41
2344 41
2345 41
2346 41
2347 41
2349 41
2350 41
2352 42
2353 42
2354 42
2356 42
2359 42
2364 42
2369 42
2372 42
2373 42
2375 42
2378 42
2383 42
2384 42
2385 42
2386 42
2387 42
2388 42
2391 42
2392 42
2395 42
2396 42
2397 42
2398 42
2401 42
2402 42
2403 42
2405 42
2406 42
2407 42
2408 42
2414 43
2416 43
2417 43
2419 43
2420 43
2422 43
2424 43
2425 43
2426 43
2428 43
2429 43
2432 43
2433 43
2439 43
2440 43
2441 43
2443 43
2446 43
2447 43
2448 43
2449 43
2451 43
2455 43
2458 43
2460 43
2461 43
2462 43
2465 43
2467 43
2469 43
2471 44
2477 44
2478 44
2479 44
2480 44
2484 44
2486 44
2487 44
2490 44
2501 44
2502 44
2504 44
2506 44
2509 44
2510 44
2512 44
2513 44
2515 44
2516 44
2517 44
2518 44
2519 44
2521 44
2522 44
2523 44
2524 44
2526 44
2527 44
2528 44
2529 44
2530 45
2533 45
2534 45
2535 45
2536 45
2537 45
2539 45
2542 45
2543 45
2544 45
2545 45
2546 45
2550 45
2554 45
2555 45
2558 45
2560 45
2562 45
2563 45
2564 45
2565 45
2566 45
2567 45
2568 45
2573 45
2576 45
2584 45
2585 45
2586 45
2587 45
2591 46
2593 46
2595 46
2597 46
2598 46
2601 46
2602 46
2605 46
2608 46
2612 46
2615 46
2616 46
2620 46
2621 46
2623 46
2625 46
2626 46
2629 46
2634 46
2635 46
2637 46
2638 46
2639 46
2641 46
2642 46
2643 46
2644 46
2645 46
2646 46
2647 46
2651 47
2654 47
2656 47
2659 47
2661 47
2663 47
2664 47
2665 47
2666 47
2667 47
2668 47
2672 47
2679 47
2682 47
2683 47
2684 47
2686 47
2687 47
2688 47
2690 47
2692 47
2697 47
2698 47
2699 47
2700 47
2701 47
2702 47
2704 47
2706 47
2708 47
2714 48
2718 48
2719 48
2720 48
2721 48
2722 48
2723 48
2724 48
2726 48
2728 48
2729 48
2732 48
2734 48
2739 48
2741 48
2742 48
2743 48
2745 48
2747 48
2748 48
2749 48
2750 48
2754 48
2755 48
2756 48
2757 48
2758 48
2759 48
2762 48
2768 48
2771 49
2772 49
2775 49
2777 49
2779 49
2781 49
2786 49
2787 49
2788 49
2791 49
2793 49
2794 49
2795 49
2797 49
2798 49
2800 49
2808 49
2809 49
2811 49
2814 49
2815 49
2816 49
2817 49
2819 49
2820 49
2821 49
2823 49
2825 49
2827 49
2828 49
2832 50
2833 50
2838 50
2840 50
2841 50
2842 50
2843 50
2844 50
2849 50
2850 50
2854 50
2855 50
2856 50
2857 50
2859 50
2860 50
2861 50
2864 50
2865 50
2870 50
2871 50
2872 50
2876 50
2877 50
2881 50
2882 50
2884 50
2886 50
2888 50
2889 50
2890 51
2891 51
2894 51
2895 51
2896 51
2899 51
2903 51
2905 51
2907 51
2910 51
2911 51
2912 51
2914 51
2916 51
2922 51
2925 51
2927 51
2928 51
2930 51
2931 51
2932 51
2933 51
2937 51
2939 51
2943 51
2944 51
2945 51
2946 51
2947 51
2948 51
2950 52
2953 52
2954 52
2955 52
2956 52
2958 52
2962 52
2964 52
2966 52
2969 52
2970 52
2972 52
2973 52
2976 52
2978 52
2980 52
2985 52
2986 52
2987 52
2989 52
2990 52
2994 52
2996 52
2998 52
2999 52
3000 52
3002 52
3003 52
3008 52
3009 52
3010 53
3014 53
3016 53
3017 53
3020 53
3023 53
3024 53
3026 53
3027 53
3028 53
3030 53
3031 53
3033 53
3035 53
3036 53
3038 53
3040 53
3041 53
3042 53
3043 53
3044 53
3046 53
3047 53
3048 53
3049 53
3052 53
3054 53
3065 53
3068 53
3069 53
3070 54
3073 54
3077 54
3079 54
3082 54
3085 54
3086 54
3088 54
3089 54
3092 54
3093 54
3094 54
3095 54
3096 54
3102 54
3103 54
3104 54
3106 54
3109 54
3113 54
3114 54
3115 54
3117 54
3119 54
3120 54
3121 54
3122 54
3123 54
3125 54
3126 54
3132 55
3134 55
3139 55
3141 55
3142 55
3143 55
3145 55
3147 55
3149 55
3152 55
3157 55
3158 55
3159 55
3160 55
3161 55
3163 55
3164 55
3165 55
3167 55
3173 55
3174 55
3175 55
3177 55
3178 55
3180 55
3181 55
3183 55
3187 55
3188 55
3189 55
3194 56
3196 56
3197 56
3199 56
3200 56
3202 56
3203 56
3205 56
3207 56
3208 56
3209 56
3210 56
3212 56
3213 56
3214 56
3215 56
3217 56
3221 56
3224 56
3229 56
3232 56
3234 56
3235 56
3236 56
3237 56
3238 56
3240 56
3241 56
3245 56
3248 56
3250 57
3255 57
3256 57
3260 57
3262 57
3263 57
3265 57
3266 57
3268 57
3270 57
3271 57
3272 57
3274 57
3275 57
3277 57
3278 57
3279 57
3281 57
3283 57
3286 57
3288 57
3289 57
3293 57
3297 57
3300 57
3303 57
3304 57
3306 57
3308 57
3309 57
3310 58
3311 58
3314 58
3316 58
3320 58
3324 58
3325 58
3332 58
3333 58
3334 58
3335 58
3336 58
3337 58
3338 58
3339 58
3340 58
3341 58
3343 58
3345 58
3346 58
3347 58
3348 58
3349 58
3352 58
3355 58
3360 58
3362 58
3363 58
3365 58
3366 58
3369 59
3371 59
3373 59
3374 59
3375 59
3380 59
3381 59
3382 59
3385 59
3387 59
3388 59
3389 59
3392 59
3394 59
3395 59
3396 59
3397 59
3398 59
3401 59
3402 59
3405 59
3407 59
3412 59
3415 59
3422 59
3423 59
3424 59
3425 59
3426 59
3427 59
3429 60
3430 60
3431 60
3435 60
3437 60
3438 60
3439 60
3440 60
3441 60
3443 60
3447 60
3451 60
3456 60
3458 60
3459 60
3460 60
3462 60
3463 60
3464 60
3466 60
3467 60
3468 60
3471 60
3473 60
3476 60
3479 60
3481 60
3482 60
3484 60
3486 60
3488 61
3493 61
3497 61
3498 61
3501 61
3502 61
3503 61
3504 61
3506 61
3507 61
3508 61
3509 61
3510 61
3512 61
3516 61
3517 61
3518 61
3520 61
3523 61
3524 61
3532 61
3533 61
3534 61
3535 61
3539 61
3540 61
3542 61
3544 61
3545 61
3546 61
3551 62
3553 62
3555 62
3558 62
3559 62
3560 62
3561 62
3563 62
3564 62
3565 62
3567 62
3569 62
3571 62
3572 62
3574 62
3575 62
3578 62
3583 62
3586 62
3587 62
3588 62
3589 62
3590 62
3591 62
3595 62
3597 62
3599 62
3602 62
3605 62
3606 62
3608 63
3609 63
3610 63
3611 63
3612 63
3614 63
3616 63
3617 63
3618 63
3620 63
3621 63
3625 63
3628 63
3629 63
3630 63
3634 63
3635 63
3637 63
3640 63
3645 63
3647 63
3650 63
3653 63
3655 63
3657 63
3658 63
3660 63
3661 63
3663 63
3665 63
3670 64
3671 64
3672 64
3674 64
3675 64
3676 64
3678 64
3681 64
3687 64
3689 64
3690 64
3692 64
3693 64
3694 64
3695 64
3697 64
3700 64
3701 64
3702 64
3703 64
3706 64
3709 64
3710 64
3712 64
3715 64
3718 64
3720 64
3721 64
3724 64
3725 64
3728 65
3730 65
3731 65
3734 65
3736 65
3737 65
3738 65
3739 65
3740 65
3741 65
3743 65
3746 65
3747 65
3748 65
3752 65
3754 65
3756 65
3757 65
3759 65
3761 65
3762 65
3764 65
3765 65
3769 65
3770 65
3772 65
3773 65
3774 65
3775 65
3776 65
3780 66
3781 66
3783 66
3784 66
3785 66
3786 66
3787 66
3790 66
3792 66
3794 66
3795 66
3799 66
3801 66
3802 66
3803 66
3805 66
3807 66
3810 66
3811 66
3812 66
3815 66
3816 66
3817 66
3818 66
3819 66
3822 66
3824 66
3832 66
3833 66
3835 66
3839 67
3841 67
3843 67
3845 67
3848 67
3849 67
3850 67
3853 67
3854 67
3858 67
3860 67
3861 67
3862 67
3864 67
3865 67
3866 67
3867 67
3868 67
3869 67
3872 67
3873 67
3874 67
3887 67
3888 67
3889 67
3890 67
3891 67
3892 67
3893 67
3894 67
3897 68
3901 68
3902 68
3904 68
3905 68
3906 68
3910 68
3912 68
3913 68
3915 68
3916 68
3919 68
3920 68
3922 68
3928 68
3930 68
3931 68
3932 68
3933 68
3936 68
3941 68
3942 68
3946 68
3948 68
3949 68
3950 68
3952 68
3954 68
3955 68
3956 68
3957 69
3959 69
3961 69
3962 69
3964 69
3966 69
3967 69
3969 69
3970 69
3972 69
3975 69
3979 69
3981 69
3984 69
3988 69
3990 69
3995 69
3996 69
3997 69
3998 69
4000 69
4003 69
4005 69
4006 69
4007 69
4008 69
4011 69
4012 69
4015 69
4016 69
4017 70
4018 70
4019 70
4022 70
4023 70
4024 70
4027 70
4028 70
4029 70
4030 70
4031 70
4032 70
4035 70
4039 70
4041 70
4044 70
4049 70
4055 70
4057 70
4060 70
4061 70
4066 70
4067 70
4068 70
4069 70
4071 70
4072 70
4074 70
4075 70
4076 70
4078 71
4079 71
4082 71
4090 71
4091 71
4092 71
4093 71
4095 71
4096 71
4097 71
4100 71
4103 71
4105 71
4107 71
4111 71
4112 71
4113 71
4114 71
4116 71
4117 71
4122 71
4124 71
4126 71
4127 71
4129 71
4130 71
4131 71
4133 71
4134 71
4136 71
4137 72
4142 72
4143 72
4146 72
4147 72
4149 72
4154 72
4155 72
4156 72
4157 72
4158 72
4159 72
4160 72
4162 72
4164 72
4165 72
4166 72
4167 72
4170 72
4171 72
4173 72
4174 72
4178 72
4183 72
4184 72
4188 72
4190 72
4191 72
4193 72
4194 72
4197 73
4199 73
4201 73
4203 73
4208 73
4209 73
4211 73
4214 73
4216 73
4218 73
4219 73
4221 73
4223 73
4229 73
4230 73
4232 73
4233 73
4234 73
4236 73
4238 73
4239 73
4240 73
4241 73
4242 73
4243 73
4244 73
4248 73
4251 73
4254 73
4256 73
4257 74
4259 74
4260 74
4263 74
4266 74
4267 74
4268 74
4269 74
4271 74
4272 74
4273 74
4275 74
4276 74
4278 74
4279 74
4282 74
4283 74
4286 74
4289 74
4290 74
4291 74
4296 74
4297 74
4299 74
4301 74
4302 74
4303 74
4306 74
4309 74
4316 74
4320 75
4321 75
4324 75
4325 75
4326 75
4328 75
4329 75
4331 75
4332 75
4334 75
4341 75
4342 75
4343 75
4345 75
4346 75
4347 75
4348 75
4349 75
4350 75
4352 75
4354 75
4355 75
4356 75
4358 75
4360 75
4361 75
4362 75
4363 75
4369 75
4370 75
4374 76
4380 76
4383 76
4385 76
4387 76
4390 76
4391 76
4392 76
4394 76
4398 76
4401 76
4405 76
4406 76
4407 76
4410 76
4412 76
4414 76
4415 76
4416 76
4417 76
4420 76
4422 76
4423 76
4424 76
4426 76
4427 76
4428 76
4429 76
4432 76
4433 76
4434 77
4435 77
4437 77
4439 77
4440 77
4443 77
4445 77
4448 77
4449 77
4450 77
4452 77
4453 77
4454 77
4456 77
4458 77
4459 77
4465 77
4471 77
4473 77
4475 77
4476 77
4477 77
4478 77
4482 77
4483 77
4484 77
4485 77
4489 77
4490 77
4491 77
4494 78
4495 78
4498 78
4508 78
4509 78
4510 78
4511 78
4513 78
4518 78
4519 78
4520 78
4521 78
4523 78
4524 78
4526 78
4528 78
4529 78
4530 78
4531 78
4534 78
4539 78
4540 78
4541 78
4542 78
4544 78
4546 78
4548 78
4549 78
4550 78
4551 78
4553 79
4554 79
4556 79
4557 79
4558 79
4559 79
4561 79
4562 79
4563 79
4564 79
4565 79
4567 79
4568 79
4569 79
4570 79
4572 79
4573 79
4574 79
4575 79
4578 79
4580 79
4581 79
4582 79
4590 79
4599 79
4604 79
4607 79
4608 79
4609 79
4612 79
4614 80
4616 80
4617 80
4619 80
4620 80
4621 80
4625 80
4627 80
4628 80
4629 80
4631 80
4632 80
4634 80
4635 80
4639 80
4645 80
4646 80
4647 80
4653 80
4654 80
4655 80
4656 80
4657 80
4658 80
4659 80
4660 80
4661 80
4665 80
4669 80
4672 80
4674 81
4677 81
4678 81
4680 81
4683 81
4686 81
4688 81
4691 81
4692 81
4694 81
4695 81
4699 81
4700 81
4701 81
4702 81
4703 81
4706 81
4708 81
4712 81
4713 81
4714 81
4716 81
4717 81
4718 81
4719 81
4723 81
4724 81
4726 81
4727 81
4729 81
4734 82
4737 82
4738 82
4743 82
4744 82
4745 82
4747 82
4748 82
4749 82
4756 82
4757 82
4760 82
4762 82
4764 82
4765 82
4767 82
4768 82
4769 82
4770 82
4772 82
4776 82
4777 82
4779 82
4780 82
4782 82
4784 82
4786 82
4788 82
4790 82
4792 82
4794 83
4799 83
4801 83
4803 83
4804 83
4806 83
4807 83
4809 83
4810 83
4812 83
4813 83
4814 83
4820 83
4821 83
4822 83
4826 83
4828 83
4835 83
4838 83
4839 83
4840 83
4841 83
4842 83
4844 83
4845 83
4848 83
4849 83
4850 83
4851 83
4852 83
4853 84
4855 84
4857 84
4858 84
4859 84
4860 84
4861 84
4867 84
4868 84
4869 84
4871 84
4873 84
4876 84
4877 84
4878 84
4880 84
4881 84
4882 84
4886 84
4887 84
4892 84
4893 84
4894 84
4895 84
4896 84
4897 84
4898 84
4899 84
4900 84
4904 84
4906 85
4907 85
4910 85
4912 85
4916 85
4920 85
4922 85
4923 85
4929 85
4930 85
4933 85
4935 85
4937 85
4938 85
4941 85
4945 85
4946 85
4947 85
4948 85
4950 85
4951 85
4952 85
4953 85
4954 85
4955 85
4956 85
4957 85
4959 85
4961 85
4964 85
4968 86
4969 86
4970 86
4972 86
4974 86
4975 86
4977 86
4985 86
4988 86
4992 86
4993 86
4994 86
4997 86
5000 86
5001 86
5003 86
5004 86
5006 86
5007 86
5008 86
5011 86
5014 86
5016 86
5017 86
5018 86
5019 86
5020 86
5022 86
5023 86
5024 86
5030 87
5032 87
5033 87
5035 87
5037 87
5038 87
5039 87
5040 87
5042 87
5043 87
5044 87
5047 87
5048 87
5050 87
5052 87
5053 87
5054 87
5058 87
5063 87
5064 87
5065 87
5067 87
5068 87
5069 87
5073 87
5075 87
5076 87
5079 87
5080 87
5083 87
5086 88
5087 88
5088 88
5089 88
5091 88
5092 88
5093 88
5096 88
5099 88
5109 88
5111 88
5112 88
5114 88
5116 88
5117 88
5121 88
5123 88
5126 88
5127 88
5128 88
5129 88
5130 88
5131 88
5135 88
5138 88
5139 88
5142 88
5143 88
5144 88
5145 88
5147 89
5148 89
5149 89
5151 89
5152 89
5153 89
5155 89
5157 89
5158 89
5159 89
5162 89
5163 89
5164 89
5168 89
5170 89
5171 89
5172 89
5173 89
5174 89
5175 89
5176 89
5180 89
5181 89
5184 89
5185 89
5187 89
5194 89
5196 89
5200 89
5204 89
5206 90
5208 90
5210 90
5211 90
5212 90
5215 90
5217 90
5221 90
5222 90
5230 90
5231 90
5233 90
5235 90
5236 90
5237 90
5239 90
5241 90
5242 90
5244 90
5246 90
5248 90
5249 90
5251 90
5252 90
5255 90
5256 90
5260 90
5261 90
5262 90
5264 90
5267 91
5268 91
5269 91
5270 91
5271 91
5278 91
5279 91
5280 91
5281 91
5285 91
5286 91
5287 91
5288 91
5289 91
5292 91
5294 91
5295 91
5297 91
5300 91
5302 91
5303 91
5304 91
5305 91
5308 91
5310 91
5313 91
5314 91
5315 91
5322 91
5323 91
5327 92
5333 92
5338 92
5339 92
5340 92
5341 92
5342 92
5345 92
5348 92
5350 92
5351 92
5354 92
5355 92
5356 92
5357 92
5358 92
5359 92
5360 92
5362 92
5366 92
5367 92
5368 92
5370 92
5371 92
5374 92
5375 92
5378 92
5381 92
5382 92
5385 92
5392 93
5393 93
5394 93
5396 93
5397 93
5398 93
5400 93
5401 93
5404 93
5405 93
5408 93
5414 93
5415 93
5416 93
5417 93
5418 93
5419 93
5420 93
5424 93
5425 93
5429 93
5430 93
5432 93
5433 93
5436 93
5439 93
5441 93
5442 93
5443 93
5444 93
5450 94
5452 94
5454 94
5458 94
5459 94
5460 94
5461 94
5462 94
5463 94
5465 94
5466 94
5467 94
5469 94
5472 94
5473 94
5475 94
5477 94
5481 94
5482 94
5484 94
5486 94
5490 94
5492 94
5493 94
5495 94
5498 94
5500 94
5501 94
5503 94
5504 94
5507 95
5511 95
5512 95
5513 95
5514 95
5516 95
5517 95
5518 95
5522 95
5523 95
5526 95
5528 95
5534 95
5535 95
5540 95
5543 95
5545 95
5549 95
5553 95
5554 95
5556 95
5557 95
5558 95
5559 95
5560 95
5561 95
5562 95
5563 95
5564 95
5565 95
5566 96
5573 96
5577 96
5579 96
5581 96
5582 96
5583 96
5584 96
5586 96
5587 96
5590 96
5592 96
5593 96
5594 96
5595 96
5596 96
5599 96
5600 96
5601 96
5603 96
5604 96
5606 96
5607 96
5609 96
5611 96
5612 96
5618 96
5619 96
5620 96
5621 96
5628 97
5629 97
5630 97
5631 97
5635 97
5636 97
5637 97
5641 97
5642 97
5643 97
5646 97
5648 97
5651 97
5655 97
5657 97
5658 97
5661 97
5662 97
5663 97
5666 97
5670 97
5671 97
5673 97
5674 97
5675 97
5676 97
5678 97
5680 97
5681 97
5684 97
5688 98
5689 98
5690 98
5691 98
5695 98
5696 98
5698 98
5699 98
5701 98
5702 98
5704 98
5705 98
5708 98
5709 98
5710 98
5713 98
5716 98
5718 98
5720 98
5721 98
5723 98
5724 98
5726 98
5727 98
5729 98
5732 98
5733 98
5737 98
5743 98
5744 98
5745 99
5747 99
5750 99
5754 99
5756 99
5758 99
5761 99
5762 99
5764 99
5765 99
5770 99
5771 99
5772 99
5773 99
5776 99
5778 99
5779 99
5780 99
5781 99
5782 99
5783 99
5790 99
5792 99
5793 99
5794 99
5796 99
5800 99
5802 99
5803 99
5804 99
5811 100
5812 100
5819 100
5821 100
5822 100
5824 100
5825 100
5826 100
5827 100
5828 100
5830 100
5831 100
5832 100
5833 100
5834 100
5835 100
5836 100
5839 100
5840 100
5841 100
5842 100
5844 100
5845 100
5849 100
5850 100
5851 100
5852 100
5857 100
5860 100
5864 100
5866 101
5869 101
5872 101
5874 101
5875 101
5876 101
5878 101
5879 101
5880 101
5881 101
5882 101
5883 101
5887 101
5888 101
5890 101
5891 101
5892 101
5894 101
5895 101
5896 101
5899 101
5900 101
5902 101
5904 101
5906 101
5908 101
5910 101
5912 101
5913 101
5914 101
5916 102
5919 102
5922 102
5930 102
5931 102
5932 102
5934 102
5935 102
5937 102
5939 102
5943 102
5945 102
5946 102
5947 102
5948 102
5950 102
5951 102
5953 102
5956 102
5957 102
5958 102
5960 102
5961 102
5962 102
5963 102
5964 102
5966 102
5967 102
5968 102
5970 102
5977 103
5979 103
5980 103
5981 103
5982 103
5988 103
5990 103
5992 103
5994 103
5995 103
5997 103
6000 103
6003 103
6004 103
6006 103
6007 103
6008 103
6017 103
6018 103
6020 103
6021 103
6022 103
6023 103
6024 103
6025 103
6026 103
6027 103
6028 103
6031 103
6034 103
6035 104
6037 104
6039 104
6040 104
6041 104
6042 104
6043 104
6044 104
6046 104
6052 104
6053 104
6058 104
6059 104
6060 104
6061 104
6063 104
6064 104
6066 104
6068 104
6070 104
6074 104
6075 104
6079 104
6080 104
6081 104
6082 104
6083 104
6085 104
6088 104
6094 104
6095 105
6096 105
6097 105
6099 105
6102 105
6103 105
6108 105
6109 105
6110 105
6111 105
6117 105
6118 105
6120 105
6121 105
6122 105
6124 105
6126 105
6127 105
6128 105
6130 105
6131 105
6132 105
6133 105
6134 105
6135 105
6137 105
6139 105
6140 105
6142 105
6143 105
6144 106
6146 106
6149 106
6151 106
6154 106
6156 106
6166 106
6167 106
6168 106
6169 106
6171 106
6172 106
6175 106
6177 106
6178 106
6179 106
6180 106
6181 106
6182 106
6183 106
6184 106
6185 106
6186 106
6188 106
6189 106
6190 106
6191 106
6194 106
6196 106
6203 106
6208 107
6213 107
6214 107
6216 107
6218 107
6219 107
6220 107
6223 107
6224 107
6228 107
6230 107
6233 107
6235 107
6237 107
6238 107
6239 107
6240 107
6242 107
6243 107
6246 107
6247 107
6248 107
6249 107
6250 107
6251 107
6256 107
6257 107
6258 107
6261 107
6264 108
6265 108
6267 108
6271 108
6273 108
6275 108
6277 108
6280 108
6283 108
6285 108
6287 108
6288 108
6290 108
6291 108
6292 108
6294 108
6295 108
6296 108
6301 108
6302 108
6303 108
6305 108
6306 108
6309 108
6311 108
6312 108
6316 108
6318 108
6319 108
6320 108
6325 109
6326 109
6328 109
6330 109
6335 109
6336 109
6337 109
6338 109
6339 109
6345 109
6347 109
6348 109
6349 109
6350 109
6351 109
6352 109
6353 109
6357 109
6358 109
6360 109
6361 109
6362 109
6363 109
6365 109
6366 109
6370 109
6372 109
6373 109
6377 109
6381 109
6383 110
6386 110
6387 110
6388 110
6390 110
6391 110
6392 110
6393 110
6394 110
6395 110
6399 110
6402 110
6403 110
6404 110
6407 110
6411 110
6414 110
6416 110
6417 110
6418 110
6421 110
6423 110
6427 110
6429 110
6433 110
6435 110
6436 110
6439 110
6440 110
6441 110
6443 111
6444 111
6446 111
6447 111
6448 111
6452 111
6455 111
6457 111
6458 111
6460 111
6461 111
6462 111
6464 111
6465 111
6470 111
6471 111
6475 111
6477 111
6478 111
6479 111
6480 111
6481 111
6483 111
6488 111
6489 111
6490 111
6491 111
6496 111
6500 111
6502 111
6503 112
6506 112
6507 112
6508 112
6510 112
6513 112
6514 112
6515 112
6518 112
6520 112
6523 112
6529 112
6531 112
6532 112
6533 112
6534 112
6535 112
6536 112
6538 112
6539 112
6540 112
6543 112
6544 112
6546 112
6547 112
6552 112
6555 112
6558 112
6560 112
6562 112
6563 113
6564 113
6565 113
6566 113
6567 113
6568 113
6570 113
6572 113
6573 113
6574 113
6580 113
6585 113
6586 113
6587 113
6588 113
6590 113
6591 113
6592 113
6597 113
6598 113
6599 113
6600 113
6603 113
6604 113
6605 113
6606 113
6607 113
6610 113
6611 113
6612 113
6614 114
6617 114
6622 114
6623 114
6627 114
6629 114
6631 114
6632 114
6633 114
6634 114
6635 114
6636 114
6638 114
6639 114
6641 114
6644 114
6647 114
6649 114
6651 114
6654 114
6655 114
6659 114
6661 114
6662 114
6663 114
6664 114
6666 114
6667 114
6668 114
6669 114
6674 115
6675 115
6676 115
6678 115
6680 115
6681 115
6682 115
6683 115
6685 115
6686 115
6687 115
6690 115
6694 115
6697 115
6698 115
6699 115
6700 115
6702 115
6705 115
6706 115
6710 115
6714 115
6715 115
6721 115
6725 115
6726 115
6727 115
6728 115
6729 115
6730 115
6732 116
6734 116
6736 116
6739 116
6741 116
6743 116
6749 116
6751 116
6752 116
6753 116
6754 116
6756 116
6757 116
6758 116
6763 116
6764 116
6768 116
6770 116
6771 116
6772 116
6773 116
6774 116
6775 116
6776 116
6777 116
6779 116
6781 116
6782 116
6786 116
6787 116
6792 117
6794 117
6795 117
6798 117
6803 117
6804 117
6805 117
6809 117
6810 117
6811 117
6815 117
6817 117
6818 117
6819 117
6820 117
6821 117
6822 117
6823 117
6825 117
6828 117
6829 117
6832 117
6834 117
6835 117
6838 117
6840 117
6845 117
6847 117
6848 117
6849 117
6854 118
6857 118
6858 118
6861 118
6863 118
6864 118
6865 118
6869 118
6871 118
6873 118
6874 118
6876 118
6877 118
6878 118
6879 118
6880 118
6882 118
6885 118
6886 118
6887 118
6889 118
6890 118
6891 118
6892 118
6896 118
6899 118
6900 118
6905 118
6907 118
6909 118
6914 119
6915 119
6916 119
6918 119
6919 119
6922 119
6925 119
6926 119
6927 119
6929 119
6930 119
6933 119
6934 119
6935 119
6937 119
6938 119
6943 119
6944 119
6945 119
6946 119
6950 119
6952 119
6955 119
6956 119
6958 119
6959 119
6961 119
6962 119
6968 119
6969 119
6971 120
6974 120
6979 120
6980 120
6983 120
6984 120
6985 120
6986 120
6987 120
6988 120
6989 120
6990 120
6993 120
6994 120
6995 120
6998 120
7001 120
7002 120
7003 120
7004 120
7006 120
7008 120
7014 120
7016 120
7021 120
7022 120
7023 120
7024 120
7028 120
7029 120
7031 121
7035 121
7038 121
7039 121
7042 121
7044 121
7045 121
7046 121
7049 121
7050 121
7052 121
7053 121
7055 121
7057 121
7059 121
7063 121
7066 121
7070 121
7071 121
7074 121
7075 121
7076 121
7077 121
7079 121
7080 121
7082 121
7084 121
7086 121
7088 121
7089 121
7090 122
7093 122
7097 122
7098 122
7099 122
7101 122
7103 122
7106 122
7107 122
7108 122
7109 122
7111 122
7113 122
7116 122
7117 122
7120 122
7123 122
7124 122
7127 122
7129 122
7132 122
7136 122
7139 122
7141 122
7142 122
7143 122
7144 122
7145 122
7146 122
7147 122
7151 123
7152 123
7154 123
7156 123
7157 123
7158 123
7161 123
7163 123
7164 123
7166 123
7168 123
7171 123
7178 123
7179 123
7180 123
7185 123
7186 123
7187 123
7188 123
7191 123
7194 123
7195 123
7197 123
7200 123
7201 123
7202 123
7203 123
7205 123
7207 123
7208 123
7211 124
7214 124
7215 124
7216 124
7217 124
7218 124
7220 124
7221 124
7227 124
7229 124
7230 124
7231 124
7232 124
7234 124
7235 124
7238 124
7243 124
7245 124
7248 124
7250 124
7254 124
7256 124
7258 124
7259 124
7260 124
7262 124
7264 124
7265 124
7267 124
7268 124
7270 125
7272 125
7274 125
7275 125
7276 125
7278 125
7285 125
7286 125
7287 125
7288 125
7290 125
7294 125
7295 125
7296 125
7298 125
7300 125
7301 125
7304 125
7305 125
7307 125
7308 125
7312 125
7316 125
7318 125
7320 125
7322 125
7323 125
7324 125
7325 125
7327 125
7328 126
7332 126
7333 126
7334 126
7336 126
7337 126
7339 126
7343 126
7345 126
7348 126
7353 126
7359 126
7360 126
7362 126
7363 126
7364 126
7366 126
7367 126
7368 126
7370 126
7371 126
7373 126
7375 126
7376 126
7377 126
7378 126
7380 126
7381 126
7382 126
7390 127
7392 127
7393 127
7397 127
7399 127
7401 127
7402 127
7406 127
7407 127
7410 127
7411 127
7412 127
7414 127
7416 127
7417 127
7419 127
7420 127
7423 127
7426 127
7427 127
7429 127
7430 127
7432 127
7433 127
7435 127
7437 127
7438 127
7439 127
7444 127
7445 127
7448 128
7453 128
7455 128
7456 128
7459 128
7460 128
7461 128
7462 128
7464 128
7465 128
7467 128
7468 128
7469 128
7471 128
7472 128
7474 128
7480 128
7482 128
7484 128
7485 128
7489 128
7490 128
7491 128
7493 128
7495 128
7496 128
7499 128
7501 128
7503 128
7504 128
7508 129
7513 129
7514 129
7515 129
7517 129
7519 129
7522 129
7524 129
7525 129
7527 129
7528 129
7530 129
7534 129
7535 129
7536 129
7541 129
7542 129
7543 129
7544 129
7545 129
7547 129
7549 129
7551 129
7554 129
7555 129
7556 129
7561 129
7563 129
7564 129
7566 129
7567 130
7568 130
7569 130
7570 130
7571 130
7572 130
7575 130
7578 130
7579 130
7584 130
7585 130
7590 130
7592 130
7594 130
7595 130
7598 130
7599 130
7600 130
7604 130
7605 130
7608 130
7610 130
7612 130
7616 130
7617 130
7618 130
7619 130
7621 130
7624 130
7626 130
7627 131
7628 131
7632 131
7633 131
7634 131
7635 131
7639 131
7641 131
7643 131
7645 131
7648 131
7649 131
7652 131
7653 131
7654 131
7656 131
7657 131
7658 131
7662 131
7664 131
7665 131
7666 131
7670 131
7673 131
7676 131
7677 131
7678 131
7682 131
7685 131
7686 131
7687 132
7688 132
7690 132
7691 132
7694 132
7695 132
7696 132
7698 132
7699 132
7700 132
7702 132
7703 132
7704 132
7706 132
7707 132
7708 132
7711 132
7713 132
7716 132
7717 132
7718 132
7726 132
7728 132
7729 132
7731 132
7732 132
7740 132
7741 132
7742 132
7744 132
7750 133
7751 133
7752 133
7755 133
7758 133
7759 133
7760 133
7761 133
7763 133
7764 133
7765 133
7766 133
7767 133
7770 133
7773 133
7774 133
7779 133
7780 133
7784 133
7788 133
7789 133
7790 133
7791 133
7792 133
7795 133
7797 133
7798 133
7800 133
7803 133
7804 133
7810 134
7811 134
7814 134
7816 134
7817 134
7818 134
7821 134
7823 134
7824 134
7826 134
7827 134
7828 134
7831 134
7832 134
7833 134
7834 134
7835 134
7837 134
7838 134
7840 134
7843 134
7844 134
7845 134
7846 134
7847 134
7848 134
7850 134
7854 134
7855 134
7861 134
7867 135
7868 135
7869 135
7870 135
7871 135
7872 135
7873 135
7875 135
7876 135
7878 135
7880 135
7881 135
7883 135
7885 135
7886 135
7890 135
7892 135
7896 135
7898 135
7899 135
7900 135
7902 135
7905 135
7910 135
7911 135
7912 135
7914 135
7916 135
7921 135
7929 136
7930 136
7934 136
7935 136
7936 136
7937 136
7938 136
7939 136
7940 136
7941 136
7945 136
7946 136
7948 136
7954 136
7957 136
7958 136
7959 136
7960 136
7961 136
7962 136
7964 136
7966 136
7968 136
7969 136
7972 136
7976 136
7977 136
7979 136
7982 136
7983 136
7988 137
7992 137
7993 137
7995 137
7997 137
8000 137
8001 137
8002 137
8004 137
8006 137
8007 137
8008 137
8010 137
8012 137
8014 137
8016 137
8018 137
8019 137
8020 137
8023 137
8024 137
8026 137
8031 137
8034 137
8035 137
8038 137
8041 137
8042 137
8043 137
8044 137
8046 138
8047 138
8048 138
8052 138
8053 138
8055 138
8057 138
8060 138
8062 138
8064 138
8065 138
8066 138
8067 138
8070 138
8074 138
8075 138
8076 138
8078 138
8083 138
8085 138
8089 138
8090 138
8092 138
8094 138
8096 138
8099 138
8101 138
8102 138
8103 138
8104 138
8107 139
8110 139
8112 139
8113 139
8114 139
8115 139
8116 139
8117 139
8120 139
8121 139
8123 139
8125 139
8127 139
8129 139
8131 139
8132 139
8133 139
8138 139
8141 139
8142 139
8144 139
8145 139
8146 139
8147 139
8151 139
8153 139
8158 139
8160 139
8161 139
8163 139
8167 140
8169 140
8170 140
8172 140
8177 140
8178 140
8179 140
8180 140
8181 140
8183 140
8187 140
8191 140
8192 140
8193 140
8194 140
8198 140
8201 140
8202 140
8203 140
8205 140
8206 140
8208 140
8209 140
8211 140
8212 140
8214 140
8217 140
8218 140
8219 140
8221 140
8226 141
8229 141
8230 141
8231 141
8233 141
8236 141
8237 141
8239 141
8240 141
8241 141
8245 141
8247 141
8250 141
8251 141
8255 141
8256 141
8258 141
8259 141
8263 141
8264 141
8265 141
8267 141
8269 141
8271 141
8274 141
8276 141
8279 141
8280 141
8281 141
8286 142
8287 142
8288 142
8289 142
8290 142
8291 142
8292 142
8294 142
8295 142
8297 142
8299 142
8301 142
8302 142
8303 142
8305 142
8306 142
8309 142
8312 142
8321 142
8322 142
8323 142
8324 142
8329 142
8335 142
8336 142
8337 142
8339 142
8340 142
8341 142
8343 142
8344 143
8350 143
8354 143
8355 143
8358 143
8361 143
8363 143
8366 143
8368 143
8369 143
8370 143
8371 143
8373 143
8374 143
8376 143
8377 143
8378 143
8379 143
8381 143
8384 143
8385 143
8390 143
8391 143
8392 143
8394 143
8398 143
8400 143
8401 143
8402 143
8403 143
8405 144
8406 144
8407 144
8408 144
8409 144
8410 144
8411 144
8413 144
8415 144
8416 144
8419 144
8422 144
8427 144
8429 144
8430 144
8431 144
8435 144
8436 144
8437 144
8441 144
8445 144
8449 144
8450 144
8452 144
8453 144
8456 144
8458 144
8459 144
8460 144
8462 144
8466 145
8470 145
8471 145
8472 145
8473 145
8479 145
8480 145
8482 145
8483 145
8484 145
8486 145
8491 145
8494 145
8496 145
8498 145
8499 145
8500 145
8502 145
8510 145
8512 145
8513 145
8514 145
8515 145
8516 145
8517 145
8518 145
8520 145
8521 145
8522 145
8523 145
8526 146
8527 146
8532 146
8533 146
8534 146
8536 146
8540 146
8543 146
8544 146
8545 146
8548 146
8549 146
8550 146
8551 146
8553 146
8556 146
8557 146
8559 146
8562 146
8564 146
8566 146
8567 146
8568 146
8569 146
8570 146
8572 146
8574 146
8576 146
8579 146
8583 146
8584 147
8585 147
8587 147
8588 147
8589 147
8592 147
8597 147
8598 147
8599 147
8602 147
8603 147
8605 147
8606 147
8607 147
8609 147
8612 147
8614 147
8615 147
8616 147
8621 147
8625 147
8626 147
8632 147
8635 147
8636 147
8637 147
8638 147
8641 147
8642 147
8643 147
8646 148
8647 148
8648 148
8650 148
8653 148
8656 148
8657 148
8661 148
8662 148
8663 148
8666 148
8668 148
8670 148
8671 148
8673 148
8674 148
8676 148
8677 148
8679 148
8681 148
8683 148
8685 148
8687 148
8688 148
8689 148
8698 148
8700 148
8701 148
8702 148
8703 148
8704 149
8707 149
8708 149
8710 149
8711 149
8714 149
8716 149
8717 149
8718 149
8721 149
8724 149
8725 149
8728 149
8730 149
8731 149
8732 149
8733 149
8734 149
8736 149
8738 149
8744 149
8745 149
8746 149
8750 149
8751 149
8754 149
8755 149
8756 149
8759 149
8761 149
8764 150
8765 150
8766 150
8767 150
8769 150
8770 150
8772 150
8773 150
8774 150
8781 150
8782 150
8786 150
8787 150
8790 150
8792 150
8794 150
8798 150
8799 150
8800 150
8801 150
8804 150
8805 150
8806 150
8810 150
8813 150
8814 150
8815 150
8816 150
8819 150
8820 150
8823 151
8824 151
8828 151
8829 151
8830 151
8831 151
8832 151
8833 151
8835 151
8836 151
8837 151
8838 151
8839 151
8842 151
8843 151
8845 151
8847 151
8848 151
8851 151
8852 151
8853 151
8855 151
8860 151
8861 151
8863 151
8866 151
8868 151
8869 151
8870 151
8871 151
8875 152
8877 152
8878 152
8881 152
8884 152
8885 152
8886 152
8889 152
8893 152
8894 152
8896 152
8901 152
8902 152
8903 152
8907 152
8908 152
8911 152
8912 152
8913 152
8914 152
8915 152
8916 152
8917 152
8918 152
8924 152
8925 152
8927 152
8928 152
8929 152
8933 152
8935 153
8938 153
8941 153
8943 153
8944 153
8947 153
8948 153
8949 153
8951 153
8953 153
8954 153
8955 153
8957 153
8958 153
8961 153
8962 153
8963 153
8964 153
8966 153
8970 153
8972 153
8974 153
8975 153
8977 153
8982 153
8983 153
8985 153
8987 153
8989 153
8991 153
8997 154
9000 154
9002 154
9005 154
9006 154
9012 154
9014 154
9017 154
9018 154
9019 154
9020 154
9021 154
9022 154
9023 154
9024 154
9027 154
9028 154
9029 154
9030 154
9031 154
9032 154
9035 154
9036 154
9037 154
9039 154
9040 154
9041 154
9042 154
9043 154
9051 154
9055 155
9058 155
9059 155
9060 155
9062 155
9063 155
9065 155
9067 155
9068 155
9070 155
9074 155
9076 155
9078 155
9080 155
9083 155
9086 155
9087 155
9089 155
9090 155
9091 155
9092 155
9093 155
9094 155
9100 155
9101 155
9104 155
9105 155
9106 155
9107 155
9112 155
9115 156
9116 156
9117 156
9118 156
9119 156
9120 156
9122 156
9123 156
9125 156
9126 156
9129 156
9134 156
9138 156
9142 156
9143 156
9144 156
9145 156
9146 156
9150 156
9154 156
9156 156
9157 156
9158 156
9160 156
9161 156
9162 156
9163 156
9164 156
9166 156
9167 156
9178 157
9184 157
9185 157
9189 157
9190 157
9191 157
9192 157
9193 157
9197 157
9199 157
9200 157
9202 157
9203 157
9204 157
9206 157
9207 157
9209 157
9210 157
9211 157
9212 157
9214 157
9218 157
9220 157
9221 157
9223 157
9224 157
9225 157
9226 157
9227 157
9228 157
9232 158
9234 158
9235 158
9236 158
9237 158
9241 158
9242 158
9244 158
9247 158
9251 158
9253 158
9255 158
9256 158
9261 158
9263 158
9265 158
9269 158
9271 158
9273 158
9274 158
9275 158
9277 158
9281 158
9283 158
9284 158
9286 158
9287 158
9288 158
9290 158
9291 158
9292 159
9293 159
9295 159
9299 159
9300 159
9302 159
9304 159
9305 159
9307 159
9308 159
9311 159
9313 159
9314 159
9315 159
9317 159
9318 159
9322 159
9324 159
9326 159
9328 159
9331 159
9332 159
9335 159
9336 159
9337 159
9340 159
9342 159
9345 159
9350 159
9351 159
9354 160
9357 160
9358 160
9359 160
9360 160
9361 160
9364 160
9365 160
9367 160
9369 160
9371 160
9372 160
9373 160
9374 160
9376 160
9381 160
9382 160
9386 160
9387 160
9388 160
9391 160
9393 160
9394 160
9400 160
9402 160
9404 160
9405 160
9406 160
9408 160
9409 160
9411 161
9414 161
9415 161
9417 161
9421 161
9423 161
9424 161
9425 161
9427 161
9429 161
9430 161
9432 161
9434 161
9437 161
9438 161
9441 161
9442 161
9444 161
9445 161
9446 161
9447 161
9450 161
9454 161
9458 161
9460 161
9461 161
9464 161
9465 161
9468 161
9469 161
9474 162
9477 162
9478 162
9480 162
9481 162
9483 162
9484 162
9485 162
9488 162
9491 162
9496 162
9497 162
9499 162
9501 162
9502 162
9503 162
9506 162
9508 162
9511 162
9512 162
9513 162
9515 162
9516 162
9517 162
9519 162
9521 162
9522 162
9525 162
9526 162
9530 162
9531 163
9532 163
9536 163
9538 163
9540 163
9543 163
9544 163
9545 163
9546 163
9551 163
9553 163
9557 163
9559 163
9562 163
9563 163
9565 163
9568 163
9570 163
9572 163
9574 163
9575 163
9576 163
9578 163
9579 163
9581 163
9582 163
9583 163
9585 163
9589 163
9590 163
9592 164
9594 164
9596 164
9601 164
9603 164
9605 164
9607 164
9608 164
9609 164
9612 164
9616 164
9617 164
9620 164
9621 164
9622 164
9624 164
9625 164
9626 164
9627 164
9629 164
9630 164
9632 164
9635 164
9638 164
9639 164
9642 164
9644 164
9646 164
9647 164
9650 164
9651 165
9653 165
9656 165
9657 165
9660 165
9664 165
9665 165
9666 165
9670 165
9671 165
9672 165
9674 165
9675 165
9677 165
9679 165
9680 165
9681 165
9682 165
9685 165
9691 165
9693 165
9694 165
9695 165
9700 165
9701 165
9703 165
9704 165
9707 165
9709 165
9710 165
9712 166
9713 166
9715 166
9719 166
9721 166
9723 166
9724 166
9725 166
9726 166
9729 166
9731 166
9734 166
9735 166
9736 166
9740 166
9741 166
9745 166
9746 166
9747 166
9748 166
9749 166
9750 166
9751 166
9753 166
9757 166
9760 166
9762 166
9764 166
9765 166
9769 166
9770 167
9774 167
9779 167
9780 167
9781 167
9783 167
9784 167
9786 167
9788 167
9792 167
9793 167
9794 167
9797 167
9799 167
9801 167
9804 167
9806 167
9808 167
9810 167
9811 167
9812 167
9814 167
9815 167
9822 167
9824 167
9825 167
9826 167
9827 167
9828 167
9829 167
9831 168
9833 168
9834 168
9839 168
9840 168
9841 168
9844 168
9846 168
9850 168
9852 168
9853 168
9855 168
9857 168
9858 168
9859 168
9861 168
9862 168
9864 168
9867 168
9869 168
9871 168
9874 168
9875 168
9878 168
9880 168
9881 168
9882 168
9884 168
9886 168
9888 168
9890 169
9893 169
9895 169
9896 169
9898 169
9899 169
9901 169
9902 169
9906 169
9909 169
9910 169
9912 169
9916 169
9923 169
9924 169
9926 169
9928 169
9929 169
9930 169
9933 169
9935 169
9936 169
9937 169
9938 169
9939 169
9940 169
9941 169
9944 169
9946 169
9947 169
9948 170
9950 170
9951 170
9953 170
9954 170
9955 170
9956 170
9960 170
9962 170
9963 170
9964 170
9965 170
9966 170
9967 170
9968 170
9969 170
9970 170
9973 170
9974 170
9975 170
9977 170
9979 170
9988 170
9994 170
9995 170
10001 170
10002 170
10003 170
10004 170
10005 170
10008 171
10009 171
10012 171
10013 171
10014 171
10015 171
10016 171
10018 171
10019 171
10020 171
10023 171
10025 171
10026 171
10027 171
10034 171
10036 171
10038 171
10040 171
10043 171
10045 171
10046 171
10049 171
10050 171
10051 171
10053 171
10060 171
10061 171
10063 171
10066 171
10067 171
10071 172
10072 172
10073 172
10074 172
10075 172
10076 172
10078 172
10083 172
10085 172
10086 172
10087 172
10097 172
10099 172
10101 172
10102 172
10103 172
10104 172
10106 172
10107 172
10108 172
10111 172
10113 172
10114 172
10117 172
10119 172
10120 172
10123 172
10124 172
10125 172
10126 172
10128 173
10129 173
10132 173
10134 173
10140 173
10143 173
10144 173
10146 173
10148 173
10149 173
10152 173
10153 173
10155 173
10156 173
10157 173
10158 173
10159 173
10160 173
10162 173
10165 173
10166 173
10168 173
10169 173
10170 173
10171 173
10179 173
10180 173
10183 173
10184 173
10186 173
10189 174
10190 174
10191 174
10194 174
10197 174
10199 174
10200 174
10202 174
10203 174
10204 174
10207 174
10208 174
10209 174
10212 174
10213 174
10214 174
10215 174
10220 174
10223 174
10225 174
10227 174
10230 174
10236 174
10237 174
10240 174
10243 174
10244 174
10245 174
10246 174
10247 174
10248 175
10249 175
10250 175
10252 175
10255 175
10260 175
10262 175
10263 175
10264 175
10265 175
10266 175
10267 175
10269 175
10270 175
10271 175
10273 175
10275 175
10277 175
10278 175
10280 175
10281 175
10283 175
10284 175
10287 175
10291 175
10300 175
10303 175
10304 175
10305 175
10306 175
10309 176
10311 176
10314 176
10315 176
10319 176
10321 176
10322 176
10324 176
10326 176
10328 176
10330 176
10331 176
10333 176
10335 176
10336 176
10340 176
10344 176
10345 176
10346 176
10347 176
10348 176
10349 176
10350 176
10353 176
10354 176
10357 176
10360 176
10362 176
10363 176
10365 176
10368 177
10370 177
10372 177
10373 177
10375 177
10376 177
10378 177
10379 177
10382 177
10388 177
10394 177
10395 177
10397 177
10398 177
10402 177
10403 177
10404 177
10405 177
10406 177
10407 177
10409 177
10410 177
10411 177
10413 177
10414 177
10416 177
10418 177
10420 177
10424 177
10426 177
10428 178
10429 178
10430 178
10433 178
10435 178
10436 178
10437 178
10440 178
10441 178
10444 178
10446 178
10448 178
10451 178
10452 178
10455 178
10457 178
10458 178
10459 178
10460 178
10461 178
10462 178
10466 178
10467 178
10469 178
10470 178
10474 178
10476 178
10479 178
10481 178
10483 178
10484 179
10486 179
10487 179
10491 179
10492 179
10495 179
10497 179
10498 179
10502 179
10503 179
10507 179
10508 179
10509 179
10510 179
10511 179
10512 179
10513 179
10516 179
10518 179
10523 179
10524 179
10526 179
10527 179
10530 179
10531 179
10533 179
10539 179
10540 179
10541 179
10542 179
10544 180
10545 180
10550 180
10552 180
10553 180
10555 180
10556 180
10558 180
10559 180
10560 180
10561 180
10562 180
10564 180
10566 180
10571 180
10573 180
10574 180
10575 180
10579 180
10580 180
10582 180
10583 180
10586 180
10589 180
10590 180
10593 180
10595 180
10598 180
10599 180
10602 180
10603 181
10605 181
10606 181
10607 181
10609 181
10612 181
10613 181
10614 181
10617 181
10620 181
10622 181
10624 181
10626 181
10628 181
10630 181
10632 181
10633 181
10634 181
10636 181
10638 181
10640 181
10643 181
10645 181
10648 181
10651 181
10656 181
10657 181
10658 181
10659 181
10660 181
10663 182
10665 182
10670 182
10674 182
10676 182
10677 182
10681 182
10682 182
10683 182
10686 182
10687 182
10690 182
10691 182
10692 182
10693 182
10694 182
10696 182
10698 182
10700 182
10701 182
10702 182
10704 182
10708 182
10709 182
10710 182
10711 182
10715 182
10716 182
10717 182
10718 182
10723 183
10724 183
10727 183
10728 183
10731 183
10734 183
10735 183
10738 183
10739 183
10741 183
10743 183
10747 183
10750 183
10753 183
10756 183
10757 183
10758 183
10760 183
10761 183
10763 183
10764 183
10765 183
10766 183
10767 183
10771 183
10772 183
10774 183
10776 183
10777 183
10781 183
10783 184
10785 184
10788 184
10789 184
10790 184
10791 184
10792 184
10794 184
10795 184
10796 184
10799 184
10800 184
10801 184
10802 184
10803 184
10805 184
10808 184
10813 184
10814 184
10817 184
10818 184
10820 184
10821 184
10822 184
10823 184
10830 184
10832 184
10834 184
10836 184
10841 184
10842 185
10843 185
10849 185
10850 185
10851 185
10852 185
10853 185
10854 185
10855 185
10859 185
10863 185
10867 185
10870 185
10871 185
10873 185
10874 185
10877 185
10878 185
10880 185
10884 185
10885 185
10888 185
10890 185
10893 185
10894 185
10895 185
10896 185
10897 185
10899 185
10901 185
10904 186
10905 186
10907 186
10909 186
10913 186
10914 186
10918 186
10920 186
10924 186
10926 186
10931 186
10932 186
10933 186
10934 186
10939 186
10940 186
10941 186
10943 186
10944 186
10946 186
10948 186
10950 186
10953 186
10954 186
10956 186
10957 186
10958 186
10959 186
10960 186
10961 186
10964 187
10965 187
10966 187
10967 187
10968 187
10969 187
10972 187
10975 187
10977 187
10978 187
10979 187
10980 187
10982 187
10983 187
10988 187
10989 187
10991 187
10992 187
10994 187
10995 187
10996 187
10997 187
10999 187
11000 187
11001 187
11003 187
11006 187
11007 187
11008 187
11009 187
11013 188
11014 188
11015 188
11018 188
11019 188
11020 188
11021 188
11022 188
11023 188
11024 188
11025 188
11030 188
11034 188
11036 188
11037 188
11038 188
11044 188
11045 188
11047 188
11050 188
11054 188
11056 188
11057 188
11059 188
11060 188
11061 188
11065 188
11067 188
11069 188
11071 188
11072 189
11073 189
11074 189
11075 189
11076 189
11082 189
11083 189
11084 189
11086 189
11087 189
11088 189
11089 189
11090 189
11092 189
11093 189
11095 189
11096 189
11099 189
11101 189
11106 189
11107 189
11108 189
11109 189
11112 189
11113 189
11116 189
11120 189
11121 189
11127 189
11129 189
11132 190
11134 190
11135 190
11139 190
11143 190
11146 190
11147 190
11148 190
11149 190
11151 190
11153 190
11154 190
11155 190
11156 190
11157 190
11158 190
11159 190
11162 190
11166 190
11173 190
11174 190
11177 190
11178 190
11179 190
11181 190
11183 190
11185 190
11188 190
11189 190
11193 191
11195 191
11196 191
11198 191
11199 191
11206 191
11210 191
11211 191
11214 191
11215 191
11216 191
11218 191
11219 191
11220 191
11221 191
11224 191
11226 191
11228 191
11229 191
11232 191
11233 191
11235 191
11236 191
11237 191
11238 191
11240 191
11242 191
11243 191
11244 191
11248 191
11251 192
11252 192
11254 192
11256 192
11261 192
11264 192
11265 192
11268 192
11269 192
11271 192
11272 192
11276 192
11277 192
11279 192
11280 192
11283 192
11286 192
11289 192
11291 192
11292 192
11293 192
11294 192
11295 192
11299 192
11300 192
11302 192
11303 192
11304 192
11306 192
11309 192
11313 193
11316 193
11317 193
11319 193
11322 193
11323 193
11324 193
11326 193
11328 193
11330 193
11332 193
11333 193
11339 193
11341 193
11342 193
11345 193
11347 193
11350 193
11351 193
11354 193
11355 193
11356 193
11358 193
11359 193
11360 193
11363 193
11364 193
11366 193
11367 193
11369 193
11375 194
11376 194
11382 194
11383 194
11385 194
11386 194
11387 194
11390 194
11391 194
11392 194
11394 194
11396 194
11397 194
11401 194
11403 194
11405 194
11406 194
11407 194
11408 194
11411 194
11412 194
11414 194
11416 194
11421 194
11423 194
11424 194
11425 194
11426 194
11428 194
11429 194
11431 195
11433 195
11435 195
11436 195
11439 195
11440 195
11441 195
11443 195
11446 195
11447 195
11448 195
11451 195
11452 195
11455 195
11456 195
11460 195
11464 195
11465 195
11466 195
11468 195
11471 195
11473 195
11474 195
11475 195
11479 195
11480 195
11484 195
11485 195
11487 195
11489 195
11490 196
11491 196
11492 196
11493 196
11498 196
11500 196
11506 196
11507 196
11508 196
11509 196
11510 196
11511 196
11512 196
11516 196
11517 196
11518 196
11522 196
11524 196
11529 196
11530 196
11532 196
11533 196
11535 196
11536 196
11540 196
11542 196
11545 196
11546 196
11548 196
11552 197
11553 197
11554 197
11555 197
11556 197
11557 197
11558 197
11560 197
11561 197
11565 197
11569 197
11572 197
11573 197
11579 197
11580 197
11582 197
11584 197
11585 197
11589 197
11590 197
11591 197
11594 197
11596 197
11598 197
11599 197
11601 197
11604 197
11605 197
11606 197
11607 197
11610 198
11612 198
11613 198
11614 198
11616 198
11617 198
11619 198
11621 198
11622 198
11623 198
11624 198
11626 198
11627 198
11633 198
11634 198
11635 198
11636 198
11640 198
11642 198
11643 198
11647 198
11652 198
11655 198
11657 198
11660 198
11663 198
11664 198
11666 198
11667 198
11668 198
11669 199
11671 199
11677 199
11681 199
11682 199
11685 199
11686 199
11688 199
11690 199
11691 199
11694 199
11696 199
11697 199
11698 199
11702 199
11703 199
11705 199
11706 199
11708 199
11710 199
11715 199
11716 199
11717 199
11718 199
11719 199
11721 199
11722 199
11724 199
11726 199
11728 199
11731 200
11732 200
11734 200
11736 200
11738 200
11739 200
11743 200
11746 200
11748 200
11750 200
11752 200
11753 200
11754 200
11755 200
11758 200
11759 200
11760 200
11762 200
11763 200
11765 200
11767 200
11770 200
11772 200
11774 200
11776 200
11778 200
11781 200
11782 200
11784 200
11787 200
